{
 "cells": [
  {
   "cell_type": "code",
   "execution_count": 2,
   "id": "64e69607",
   "metadata": {},
   "outputs": [
    {
     "name": "stdout",
     "output_type": "stream",
     "text": [
      "Nombre d'individus (pays) : 149\n",
      "La dimension des données est :  8\n",
      "Taille du tableau des données : (149, 8) \n",
      "\n",
      "L'individu \" Argentina \" a pour valeur de région : South America \n",
      "\n",
      "L'individu \" Argentina \" a pour variables :\n",
      " [10.08   0.842  0.9    0.7    0.3    0.1    0.1    1.2  ] \n",
      "\n",
      "Les valeurs de la variable \" Terres cultivees \" pour l'ensemble des individus sont:\n",
      " [0.3 0.5 0.6 0.3 0.9 0.5 0.8 0.6 0.6 0.6 0.4 0.6 0.7 1.1 0.5 0.8 0.5 0.5\n",
      " 0.9 0.3 0.6 0.5 0.7 0.5 0.4 0.6 0.9 0.3 0.4 0.6 0.6 0.4 0.3 0.2 0.4 0.6\n",
      " 0.6 0.7 0.7 0.4 0.4 0.2 0.3 0.4 0.4 0.7 0.5 0.5 0.4 0.7 0.6 0.7 0.4 0.6\n",
      " 0.6 0.9 0.3 0.7 0.3 0.5 0.6 0.4 0.9 0.7 0.8 0.4 0.4 0.4 0.9 0.3 0.7 0.7\n",
      " 0.4 0.7 0.8 0.6 0.3 0.3 0.7 0.8 0.8 0.2 0.5 0.7 0.7 0.5 0.5 0.3 0.6 0.7\n",
      " 0.3 0.8 0.3 0.5 1.  0.3 0.8 0.5 0.8 0.5 0.3 0.4 0.3 0.7 0.5 0.4 0.6 0.8\n",
      " 0.5 0.7 1.  0.6 0.3 0.5 0.6 0.6 0.8 0.5 0.6 0.6 0.6 0.4 0.3 1.1 0.4 0.5\n",
      " 0.3 0.7 0.6 0.4 0.4 0.4 0.3 0.4 0.4 0.6 0.8 0.4 0.2 0.6 0.9 0.7 0.9 0.1\n",
      " 0.4 0.5 0.2 0.2 0.2]\n"
     ]
    }
   ],
   "source": [
    "import pandas as pd\n",
    "data = pd.read_csv(\"ecological_footprint_consommation.csv\",encoding = 'ISO-8859-1', index_col=0)\n",
    "data.head()\n",
    "\n",
    "#Import des autres modules utiles\n",
    "%matplotlib inline\n",
    "import numpy as np\n",
    "import matplotlib.pyplot as plt\n",
    "\n",
    "\n",
    "n=data.shape[0]\n",
    "print('Nombre d\\'individus (pays) :', n)\n",
    "\n",
    "## La première variable contient la région du globe.\n",
    "## Récupérer la donnée qualitative (la région du globe)\n",
    "region=data.loc[:,data.columns[0]].to_list()\n",
    "\n",
    "\n",
    "## Récupérer le tableau des données quantitatives\n",
    "\n",
    "#considérer les données de la colonne start_col à la dernière colonne\n",
    "start_col=1 #doit être entre 1  (la colonne 0 est celle de la région) et data.shape[1]\n",
    "\n",
    "p=data.shape[1]-start_col\n",
    "print('La dimension des données est : ', p)\n",
    "\n",
    "X=data.loc[:, data.columns[start_col]:data.columns[start_col+p-1]].to_numpy().reshape([n,p])\n",
    "print('Taille du tableau des données :', X.shape,'\\n')\n",
    "\n",
    "#Exemples\n",
    "print('L\\'individu \\\"', data.index[4],'\\\" a pour valeur de région :',region[4],'\\n')\n",
    "print('L\\'individu \\\"', data.index[4],'\\\" a pour variables :\\n', X[4,:],'\\n')\n",
    "\n",
    "print('Les valeurs de la variable \\\"',  data.columns[3] , '\\\" pour l\\'ensemble des individus sont:\\n', X[:,2])\n",
    "#décalage d'index ci dessus, car la première colonne a été mise dans région\n"
   ]
  },
  {
   "cell_type": "code",
   "execution_count": 20,
   "id": "e8ae89bd",
   "metadata": {},
   "outputs": [
    {
     "name": "stdout",
     "output_type": "stream",
     "text": [
      "\n",
      "[[ 0.35081174  0.93532112  0.03160102  0.03145054  0.00166449 -0.00630616\n",
      "  -0.00726457  0.00473823]\n",
      " [ 0.35366069 -0.12731224  0.42237375 -0.53080033  0.5387129   0.08684523\n",
      "   0.31217025  0.05799298]\n",
      " [ 0.35380789 -0.13338317  0.26130621 -0.2455699  -0.75444519 -0.35865657\n",
      "   0.16409431  0.06078126]\n",
      " [ 0.35391853 -0.14145643  0.15061948 -0.05050918 -0.04921388  0.32720128\n",
      "  -0.80452763  0.26971643]\n",
      " [ 0.35397408 -0.13660782  0.07104532  0.22144867 -0.04352756  0.24186387\n",
      "  -0.00851938 -0.86109718]\n",
      " [ 0.35405931 -0.1471272  -0.02221238  0.56864895 -0.05508894  0.38903369\n",
      "   0.44447621  0.42095067]\n",
      " [ 0.35408751 -0.1503928  -0.06517748  0.37793928  0.36501655 -0.73728605\n",
      "  -0.16339535  0.03730951]\n",
      " [ 0.35409503 -0.09076838 -0.84843721 -0.37305077 -0.00309113  0.05733122\n",
      "   0.06305221  0.00965603]]\n",
      "[[1.83754361e+07 0.00000000e+00 0.00000000e+00 0.00000000e+00\n",
      "  0.00000000e+00 0.00000000e+00 0.00000000e+00 0.00000000e+00]\n",
      " [0.00000000e+00 3.70377942e+02 0.00000000e+00 0.00000000e+00\n",
      "  0.00000000e+00 0.00000000e+00 0.00000000e+00 0.00000000e+00]\n",
      " [0.00000000e+00 0.00000000e+00 2.01254146e+00 0.00000000e+00\n",
      "  0.00000000e+00 0.00000000e+00 0.00000000e+00 0.00000000e+00]\n",
      " [0.00000000e+00 0.00000000e+00 0.00000000e+00 4.36051053e-01\n",
      "  0.00000000e+00 0.00000000e+00 0.00000000e+00 0.00000000e+00]\n",
      " [0.00000000e+00 0.00000000e+00 0.00000000e+00 0.00000000e+00\n",
      "  1.66154484e-02 0.00000000e+00 0.00000000e+00 0.00000000e+00]\n",
      " [0.00000000e+00 0.00000000e+00 0.00000000e+00 0.00000000e+00\n",
      "  0.00000000e+00 7.45494595e-02 0.00000000e+00 0.00000000e+00]\n",
      " [0.00000000e+00 0.00000000e+00 0.00000000e+00 0.00000000e+00\n",
      "  0.00000000e+00 0.00000000e+00 1.60814119e-01 0.00000000e+00]\n",
      " [0.00000000e+00 0.00000000e+00 0.00000000e+00 0.00000000e+00\n",
      "  0.00000000e+00 0.00000000e+00 0.00000000e+00 2.39868505e-01]]\n",
      " \n",
      "[[ 2.26149092e+06  6.02936116e+06  2.03765711e+05  2.02670529e+05\n",
      "   1.07998611e+04 -4.06403725e+04 -4.67888664e+04  3.05518236e+04]\n",
      " [ 6.02936116e+06  1.60753080e+07  5.43104675e+05  5.40563516e+05\n",
      "   2.85822453e+04 -1.08387563e+05 -1.24870464e+05  8.14328541e+04]\n",
      " [ 2.03765711e+05  5.43104675e+05  1.84165575e+04  1.81796841e+04\n",
      "   1.05041130e+03 -3.64846269e+03 -4.16955436e+03  2.76052474e+03]\n",
      " [ 2.02670529e+05  5.40563516e+05  1.81796841e+04  1.82803770e+04\n",
      "   8.56421608e+02 -3.66137620e+03 -4.25975597e+03  2.72688418e+03]\n",
      " [ 1.07998611e+04  2.85822453e+04  1.05041130e+03  8.56421608e+02\n",
      "   1.59565767e+02 -1.75057863e+02 -1.60148900e+02  1.56396230e+02]\n",
      " [-4.06403725e+04 -1.08387563e+05 -3.64846269e+03 -3.66137620e+03\n",
      "  -1.75057863e+02  7.33947480e+02  8.51648500e+02 -5.47194149e+02]\n",
      " [-4.67888664e+04 -1.24870464e+05 -4.16955436e+03 -4.25975597e+03\n",
      "  -1.60148900e+02  8.51648500e+02  1.00619570e+03 -6.25860919e+02]\n",
      " [ 3.05518236e+04  8.14328541e+04  2.76052474e+03  2.72688418e+03\n",
      "   1.56396230e+02 -5.47194149e+02 -6.25860919e+02  4.13854067e+02]]\n"
     ]
    }
   ],
   "source": [
    "                        #Données de base :\n",
    "    \n",
    "n=data.shape[0]            #individus\n",
    "start_col=1\n",
    "p=data.shape[1]-start_col  #variables\n",
    "    \n",
    "X=data.loc[:, data.columns[start_col]:data.columns[start_col+p-1]].to_numpy().reshape([n,p])\n",
    "   \n",
    "\n",
    "                      #calcul du centrage de données\n",
    "\n",
    "s1=0        \n",
    "U=np.zeros([n,p])\n",
    "for i in  range(n):\n",
    "    for j in  range(p):\n",
    "            for k in  range(n):\n",
    "                s1=s1+X[k,j]\n",
    "            U[i,j] =X[i,j]-(1/n)*s1\n",
    "\n",
    "                    #calcul de la matrice de covariance\n",
    "\n",
    "C=(1/n)*np.dot(U.T,U)\n",
    "#print(C)\n",
    "\n",
    "                    #calcul des vecteurs et valeurs propres\n",
    "\n",
    "W0=np.linalg.eig(C)[0]\n",
    "#print(W0.shape)\n",
    "#print(W0)\n",
    "W1=np.linalg.eig(C)[1]\n",
    "print(\"\")\n",
    "\n",
    "#print(W0) #ensemble des valeurs propres\n",
    "print(W1) #ensemble des vecteurs propres\n",
    "\n",
    "\n",
    "                    #Ordonner les valeurs propres\n",
    "\n",
    "W0_t=[]\n",
    "W0_bis=np.linalg.eig(C)[0]\n",
    "r = 0\n",
    "for k in range(p):\n",
    "    m=max(W0_bis[r:])\n",
    "    #debut calcul indice max[r:]\n",
    "    j = 0\n",
    "    i=-1\n",
    "    while j < p and i == -1:\n",
    "        if W0[j]==m:\n",
    "            i=j\n",
    "        j+=1\n",
    "        #fin indice max[r:]\n",
    "    W0_t.append(i)\n",
    "    W0_bis[r],W0_bis[i]=W0_bis[i],W0_bis[r]\n",
    "    r += 1\n",
    "#print(W0_t)\n",
    "\n",
    "\n",
    "                    #calcul de l'inertie relative\n",
    "\n",
    "s3=0 #somme des valeurs propres\n",
    "for i in W0:\n",
    "    S3=s3+i\n",
    "\n",
    "I=np.zeros(p)\n",
    "for i in range(p):\n",
    "    I[i]=W0[i]/S3\n",
    "#print(I)\n",
    "\n",
    "W0_propI = np.zeros(p)\n",
    "for i in range(p):\n",
    "    W0_propI[i]=W0[i]/I[0]\n",
    "\n",
    "#print(W0.shape)\n",
    "#print(I)\n",
    "\n",
    "#Décomposition de Cov en vecteur propre/valeurs propres\n",
    "\n",
    "A = np.diag(W0)\n",
    "print(A)\n",
    "Wf= np.dot(np.dot(W1.T,A),W1)\n",
    "Wf1=np.dot(W1.T,A)\n",
    "Wf2=np.dot(Wf1,W1)\n",
    "print(\" \")\n",
    "print(Wf2)\n",
    "\n"
   ]
  },
  {
   "cell_type": "code",
   "execution_count": null,
   "id": "881ebeab",
   "metadata": {},
   "outputs": [],
   "source": []
  }
 ],
 "metadata": {
  "kernelspec": {
   "display_name": "Python 3 (ipykernel)",
   "language": "python",
   "name": "python3"
  },
  "language_info": {
   "codemirror_mode": {
    "name": "ipython",
    "version": 3
   },
   "file_extension": ".py",
   "mimetype": "text/x-python",
   "name": "python",
   "nbconvert_exporter": "python",
   "pygments_lexer": "ipython3",
   "version": "3.9.13"
  }
 },
 "nbformat": 4,
 "nbformat_minor": 5
}
